0.21
0.65
1.11
1.58
2.0
2.44
2.88
3.37
3.81
4.25
4.69
5.13
5.57
6.01
6.46
6.92
7.38
7.8
8.27
8.71
9.15
9.59
10.03
10.47
10.91
11.35
11.82
12.26
12.7
13.14
13.58
14.02
14.49
14.91
15.35
15.79
16.25
16.7
17.14
17.58
18.02
18.48
18.92
19.37
19.81
20.25
20.69
21.13
21.57
22.04
22.48
22.92
23.36
23.8
24.24
24.68
25.15
25.59
26.03
26.47
26.91
27.35
27.79
28.24
28.7
29.14
29.58
30.02
30.46
30.93
31.35
31.79
32.23
32.69
33.11
33.55
34.02
34.46
34.9
35.36
35.81
36.25
36.69
37.13
37.57
38.01
38.45
38.92
39.33
39.8
40.24
40.68
41.12
41.56
42.0
42.4
42.91
43.35
43.79
44.23
44.68
45.14
45.58
46.0
46.46
46.9
47.35
47.79
48.25
48.69
49.13
49.57
50.02
50.46
50.92
51.34
51.8
52.24
52.69
53.13
53.57
54.01
54.45
54.92
55.36
55.8
56.24
56.68
57.12
57.59
58.03
58.44
58.91
